>ENST00000413465_ENSG00000141510
0 74 16956 17030
74 96 17147 17169
96 375 17278 17557
375 559 18314 18498
559 672 18579 18692
672 782 19260 19370
782 858 31536 31612

>ENST00000359597_ENSG00000141510
0 74 16956 17030
74 96 17147 17169
96 375 17278 17557
375 559 18314 18498
559 672 18579 18692
672 782 19260 19370
782 919 19713 19850
919 993 19942 20016
993 1032 27306 27345

>ENST00000504290_ENSG00000141510
0 163 18335 18498
163 276 18579 18692
276 386 19260 19370
386 523 19713 19850
523 597 19942 20016
597 645 20284 20332

>ENST00000510385_ENSG00000141510
0 163 18335 18498
163 276 18579 18692
276 386 19260 19370
386 523 19713 19850
523 597 19942 20016
597 630 20211 20244

>ENST00000504937_ENSG00000141510
0 163 18335 18498
163 276 18579 18692
276 386 19260 19370
386 523 19713 19850
523 597 19942 20016
597 704 22835 22942
704 786 23860 23942

>ENST00000619186_ENSG00000141510
0 82 18416 18498
82 195 18579 18692
195 305 19260 19370
305 442 19713 19850
442 516 19942 20016
516 623 22835 22942
623 705 23860 23942

>ENST00000618944_ENSG00000141510
0 82 18416 18498
82 195 18579 18692
195 305 19260 19370
305 442 19713 19850
442 516 19942 20016
516 549 20211 20244

>ENST00000610623_ENSG00000141510
0 82 18416 18498
82 195 18579 18692
195 305 19260 19370
305 442 19713 19850
442 516 19942 20016
516 564 20284 20332

>ENST00000610292_ENSG00000141510
0 258 17299 17557
258 442 18314 18498
442 555 18579 18692
555 665 19260 19370
665 802 19713 19850
802 876 19942 20016
876 983 22835 22942
983 1065 23860 23942

>ENST00000269305_ENSG00000141510
0 74 16956 17030
74 96 17147 17169
96 375 17278 17557
375 559 18314 18498
559 672 18579 18692
672 782 19260 19370
782 919 19713 19850
919 993 19942 20016
993 1100 22835 22942
1100 1182 23860 23942

>ENST00000455263_ENSG00000141510
0 74 16956 17030
74 96 17147 17169
96 375 17278 17557
375 559 18314 18498
559 672 18579 18692
672 782 19260 19370
782 919 19713 19850
919 993 19942 20016
993 1041 20284 20332

>ENST00000420246_ENSG00000141510
0 74 16956 17030
74 96 17147 17169
96 375 17278 17557
375 559 18314 18498
559 672 18579 18692
672 782 19260 19370
782 919 19713 19850
919 993 19942 20016
993 1026 20211 20244

>ENST00000622645_ENSG00000141510
0 258 17299 17557
258 442 18314 18498
442 555 18579 18692
555 665 19260 19370
665 802 19713 19850
802 876 19942 20016
876 909 20211 20244

>ENST00000610538_ENSG00000141510
0 258 17299 17557
258 442 18314 18498
442 555 18579 18692
555 665 19260 19370
665 802 19713 19850
802 876 19942 20016
876 924 20284 20332

>ENST00000615910_ENSG00000141510
0 74 16956 17030
74 96 17147 17169
96 333 17278 17515
333 340 17519 17526
340 526 18312 18498
526 639 18579 18692
639 749 19260 19370
749 886 19713 19850
886 960 19942 20016
960 1067 22835 22942
1067 1149 23860 23942

>ENST00000264731_ENSG00000073282
0 62 6100 6162
62 191 112324 112453
191 324 113226 113359
324 579 182856 183111
579 766 238816 239003
766 882 241266 241382
882 992 242417 242527
992 1129 243164 243301
1129 1212 243908 243991
1212 1349 247443 247580
1349 1507 260978 261136
1507 1652 263924 264069
1652 1746 265373 265467
1746 2043 268790 269087

>ENST00000418709_ENSG00000073282
0 62 6100 6162
62 191 112324 112453
191 324 113226 113359
324 579 182856 183111
579 766 238816 239003
766 882 241266 241382
882 992 242417 242527
992 1129 243164 243301
1129 1212 243908 243991
1212 1349 247443 247580
1349 1464 254648 254763

>ENST00000320472_ENSG00000073282
0 62 6100 6162
62 191 112324 112453
191 324 113226 113359
324 579 182856 183111
579 766 238816 239003
766 882 241266 241382
882 992 242417 242527
992 1129 243164 243301
1129 1212 243908 243991
1212 1349 247443 247580
1349 1507 260978 261136
1507 1533 268790 268816

>ENST00000392460_ENSG00000073282
0 62 6100 6162
62 191 112324 112453
191 324 113226 113359
324 579 182856 183111
579 766 238816 239003
766 882 241266 241382
882 992 242417 242527
992 1129 243164 243301
1129 1212 243908 243991
1212 1349 247443 247580
1349 1507 260978 261136
1507 1652 263924 264069
1652 1668 268790 268806

>ENST00000440651_ENSG00000073282
0 62 6100 6162
62 191 112324 112453
191 324 113226 113359
324 579 182856 183111
579 766 238816 239003
766 882 241266 241382
882 992 242417 242527
992 1117 243164 243289
1117 1200 243908 243991
1200 1337 247443 247580
1337 1495 260978 261136
1495 1640 263924 264069
1640 1734 265373 265467
1734 2031 268790 269087

>ENST00000354600_ENSG00000073282
0 42 164385 164427
42 297 182856 183111
297 484 238816 239003
484 600 241266 241382
600 710 242417 242527
710 847 243164 243301
847 930 243908 243991
930 1067 247443 247580
1067 1225 260978 261136
1225 1370 263924 264069
1370 1464 265373 265467
1464 1761 268790 269087

>ENST00000437221_ENSG00000073282
0 42 164385 164427
42 297 182856 183111
297 484 238816 239003
484 600 241266 241382
600 710 242417 242527
710 847 243164 243301
847 930 243908 243991
930 1067 247443 247580
1067 1182 254648 254763

>ENST00000392463_ENSG00000073282
0 42 164385 164427
42 297 182856 183111
297 484 238816 239003
484 600 241266 241382
600 710 242417 242527
710 847 243164 243301
847 930 243908 243991
930 1067 247443 247580
1067 1225 260978 261136
1225 1370 263924 264069
1370 1386 268790 268806

>ENST00000392461_ENSG00000073282
0 42 164385 164427
42 297 182856 183111
297 484 238816 239003
484 600 241266 241382
600 710 242417 242527
710 847 243164 243301
847 930 243908 243991
930 1067 247443 247580
1067 1225 260978 261136
1225 1251 268790 268816

>ENST00000449992_ENSG00000073282
0 42 164385 164427
42 229 238816 239003
229 345 241266 241382
345 455 242417 242527
455 592 243164 243301
592 675 243908 243991
675 812 247443 247580
812 970 260978 261136
970 1115 263924 264069
1115 1209 265373 265467
1209 1506 268790 269087

>ENST00000456148_ENSG00000073282
0 42 164385 164427
42 297 182856 183111
297 484 238816 239003
484 600 241266 241382
600 710 242417 242527
710 835 243164 243289
835 918 243908 243991
918 1055 247443 247580
1055 1213 260978 261136
1213 1358 263924 264069
1358 1452 265373 265467
1452 1749 268790 269087

>ENST00000378295_ENSG00000078900
0 65 35846 35911
65 186 36540 36661
186 429 61029 61272
429 616 75501 75688
616 732 76834 76950
732 842 80595 80705
842 985 81108 81251
985 1074 81609 81698
1074 1196 82807 82929
1196 1345 83480 83629
1345 1484 84407 84546
1484 1578 84943 85037
1578 1911 86227 86560

>ENST00000604074_ENSG00000078900
0 65 35846 35911
65 186 36540 36661
186 429 61029 61272
429 616 75501 75688
616 732 76834 76950
732 842 80595 80705
842 985 81108 81251
985 1074 81609 81698
1074 1196 82807 82929
1196 1212 86227 86243

>ENST00000354437_ENSG00000078900
0 65 35846 35911
65 186 36540 36661
186 429 61029 61272
429 616 75501 75688
616 732 76834 76950
732 842 80595 80705
842 985 81108 81251
985 1074 81609 81698
1074 1196 82807 82929
1196 1345 83480 83629
1345 1484 84407 84546
1484 1500 86227 86243

>ENST00000603362_ENSG00000078900
0 65 35846 35911
65 186 36540 36661
186 429 61029 61272
429 616 75501 75688
616 732 76834 76950
732 842 80595 80705
842 985 81108 81251
985 1074 81609 81698
1074 1196 82807 82929
1196 1335 84407 84546
1335 1668 86227 86560

>ENST00000604479_ENSG00000078900
0 65 35846 35911
65 186 36540 36661
186 429 61029 61272
429 616 75501 75688
616 732 76834 76950
732 842 80595 80705
842 985 81108 81251
985 1074 81609 81698
1074 1196 82807 82929
1196 1290 84943 85037
1290 1623 86227 86560

>ENST00000378285_ENSG00000078900
0 39 44386 44425
39 282 61029 61272
282 469 75501 75688
469 585 76834 76950
585 695 80595 80705
695 838 81108 81251
838 927 81609 81698
927 1049 82807 82929
1049 1198 83480 83629
1198 1337 84407 84546
1337 1353 86227 86243

>ENST00000378280_ENSG00000078900
0 39 44386 44425
39 282 61029 61272
282 469 75501 75688
469 585 76834 76950
585 695 80595 80705
695 838 81108 81251
838 927 81609 81698
927 1049 82807 82929
1049 1188 84407 84546
1188 1281 84943 85036

>ENST00000378288_ENSG00000078900
0 39 44386 44425
39 282 61029 61272
282 469 75501 75688
469 585 76834 76950
585 695 80595 80705
695 838 81108 81251
838 927 81609 81698
927 1049 82807 82929
1049 1198 83480 83629
1198 1337 84407 84546
1337 1431 84943 85037
1431 1764 86227 86560

>ENST00000378290_ENSG00000078900
0 216 61056 61272
216 403 75501 75688
403 519 76834 76950
519 629 80595 80705
629 772 81108 81251
772 861 81609 81698
861 983 82807 82929
983 1132 83480 83629
1132 1271 84407 84546
1271 1365 84943 85037
1365 1698 86227 86560

>ENSPTRT00000016033_ENSPTRG00000008703
0 74 16960 17034
74 96 17153 17175
96 375 17268 17547
375 559 18300 18484
559 672 18565 18678
672 782 19245 19355
782 919 19698 19835
919 993 19927 20001
993 1100 22710 22817
1100 1182 23738 23820

>ENSMUST00000040231_ENSMUSG00000022510
0 42 124297 124339
42 297 142625 142880
297 484 184516 184703
484 600 185912 186028
600 710 187484 187594
710 847 188312 188449
847 930 190404 190487
930 1067 193234 193371
1067 1225 204764 204922
1225 1370 207048 207193
1370 1464 208443 208537
1464 1761 211245 211542

>ENSMUST00000115306_ENSMUSG00000022510
0 42 124297 124339
42 297 142625 142880
297 484 184516 184703
484 600 185912 186028
600 710 187484 187594
710 835 188312 188437
835 918 190404 190487
918 1055 193234 193371
1055 1213 204764 204922
1213 1358 207048 207193
1358 1452 208443 208537
1452 1749 211245 211542

>ENSMUST00000115310_ENSMUSG00000022510
0 62 6527 6589
62 191 85503 85632
191 324 86401 86534
324 579 142625 142880
579 766 184516 184703
766 882 185912 186028
882 992 187484 187594
992 1129 188312 188449
1129 1212 190404 190487
1212 1349 193234 193371
1349 1507 204764 204922
1507 1652 207048 207193
1652 1746 208443 208537
1746 2043 211245 211542

>ENSMUST00000115307_ENSMUSG00000022510
0 62 6527 6589
62 191 85503 85632
191 324 86401 86534
324 696 142625 142997

>ENSMUST00000115304_ENSMUSG00000022510
0 42 124297 124339
42 297 142625 142880
297 484 184516 184703
484 600 185912 186028
600 710 187484 187594
710 855 188312 188457

>ENSMUST00000115305_ENSMUSG00000022510
0 42 124297 124339
42 297 142625 142880
297 484 184516 184703
484 600 185912 186028
600 710 187484 187594
710 847 188312 188449
847 930 190404 190487
930 1067 193234 193371
1067 1182 198864 198979

>ENSMUST00000115308_ENSMUSG00000022510
0 62 6527 6589
62 191 85503 85632
191 324 86401 86534
324 579 142625 142880
579 766 184516 184703
766 882 185912 186028
882 992 187484 187594
992 1117 188312 188437
1117 1200 190404 190487
1200 1337 193234 193371
1337 1452 198864 198979

>ENSMUST00000065523_ENSMUSG00000022510
0 62 6527 6589
62 191 85503 85632
191 324 86401 86534
324 579 142625 142880
579 766 184516 184703
766 882 185912 186028
882 992 187484 187594
992 1129 188312 188449
1129 1212 190404 190487
1212 1349 193234 193371
1349 1507 204764 204922
1507 1652 207048 207193
1652 1668 211245 211261

>ENSRNOT00000046490_ENSRNOG00000010756
0 74 12846 12920
74 96 13182 13204
96 369 13301 13574
369 553 14260 14444
553 776 14522 14745
776 913 15056 15193
913 987 15271 15345
987 1094 16187 16294
1094 1176 16899 16981

>ENSRNOT00000080584_ENSRNOG00000010756
0 74 12846 12920
74 96 13182 13204
96 369 13301 13574
369 553 14260 14444
553 776 14522 14745
776 816 16187 16227

>ENSRNOT00000091216_ENSRNOG00000010756
0 74 12846 12920
74 96 13182 13204
96 311 13301 13516
311 321 16170 16180
321 431 16184 16294
431 513 16899 16981

>ENSRNOT00000083458_ENSRNOG00000010756
0 74 12846 12920
74 96 13182 13204
96 307 13301 13512
307 324 15328 15345
324 431 16187 16294
431 513 16899 16981

>ENSBTAT00000001420_ENSBTAG00000001069
0 74 13932 14006
74 96 14141 14163
96 351 14251 14506
351 538 14939 15126
538 651 15206 15319
651 761 15541 15651
761 898 15980 16117
898 972 16201 16275
972 1079 16709 16816
1079 1161 17406 17488

>ENSGALT00000011850_ENSGALG00000007324
0 2 6000 6002
2 131 82000 82129
131 264 82427 82560
264 519 113127 113382
519 706 139627 139814
706 822 141505 141621
822 932 141955 142065
932 1069 142934 143071
1069 1152 143901 143984
1152 1289 144869 145006
1289 1447 155528 155686
1447 1592 156531 156676
1592 1686 157555 157649
1686 1983 158902 159199

>ENSGALT00000033346_ENSGALG00000007324
0 42 96506 96548
42 297 113127 113382
297 484 139627 139814
484 600 141505 141621
600 710 141955 142065
710 835 142934 143059
835 918 143901 143984
918 1055 144869 145006
1055 1213 155528 155686
1213 1358 156531 156676
1358 1452 157555 157649
1452 1749 158902 159199

